169487
1640792
355822
1488386
555050
969670
748006
1156856
1360107
1202609
1093802
1431169
2378384
1824463
19510
531733
2589100
564017
530831
112133
1653096
232076
1699634
1101015
1080221
2728833
1330921
456084
198977
2934108
350385
884816
2091252
706207
2373202
162654
2192230
121208
1319510
552337
1840170
2929665
2499858
1734906
1754128
2519368
2266639
1343229
599738
2797471
1971714
2252834
29547
671348
870201
1626121
916533
2201122
2082205
1631862
2651583
2432590
2516678
2259187
138797
2406233
2421842
2847379
43793
1257704
399716
1883963
1703721
415926
618869
457850
451647
2885509
2317431
1051385
199332
1289145
820571
228879
2476845
1690773
1855000
393379
1408247
1453557
2541593
1576182
886147
2574624
835370
1541297
1980857
773564
1388676
2024650
2547620
2304745
1424966
1251342
2720671
2043835
2225544
172318
2445696
1542975
1740055
2645028
348472
76979
390260
2825317
2284104
2245260
735048
692351
698818
276642
2268534
2101317
367618
620256
1158966
2348475
1910172
2547643
1889477
1457792
2368740
314443
2709134
2089411
2358279
2451030
2778082
1803975
994005
2034489
1965356
1858829
2111468
2355616
1684147
1395572
1600876
2935547
2604276
2816046
728541
1872810
2433716
1096159
9418
592682
444634
1919590
656677
2334112
377382
25417
164907
602869
2631181
2523186
53899
2409263
1843514
1564257
1960104
808870
423086
1071573
164486
2623585
2983497
2281714
2559133
2587773
2614113
804026
1976935
2564181
1900186
1986353
156863
2861172
905943
813541
2711636
1799678
1355310
2876544
2918899
986491
2916082
489150
912106
1759596
2053407
2872211
84818
2992846
1460136
765656
2616431
1443633
47371
2691916
1547759
177836
1012295
524694
2742017
2912481
2511048
415232
290005
933343
1228773
517994
2733021
2584084
910890
2651920
1086927
826972
657423
1999034
102921
2710830
2387597
187739
220028
847733
953396
352812
2807718
1517119
561080
1355477
2211307
1573375
1880172
1953324
2002208
1907572
2368556
2292214
2840915
1113682
326560
90289
1214118
1237450
258561
2301045
2064422
915984
1816431
2167343
626815
1204028
2871435
1363195
2568113
824831
1716007
2375832
2858302
2277088
1247661
2069609
850463
127833
1022933
2852672
2551757
907841
2661238
2392673
2021523
2987798
2482962
751993
1225248
2741523
569391
806022
657508
2385822
2973366
1800675
589851
2844801
680222
674316
